DL	27452	60940	0.450475877912701
B6	8459	18112	0.46703842756183744
CO	11957	21118	0.5661994507055592
YV	3334	13725	0.2429143897996357
OH	3502	12630	0.2772763262074426
UA	8946	27619	0.32390745501285345
F9	2899	6456	0.44903965303593557
OO	22760	50254	0.4528992716997652
US	11591	34500	0.33597101449275363
FL	6275	20827	0.30129159264416383
WN	65657	94097	0.6977586958138942
AA	17736	45656	0.38847029963203084
EV	11255	27983	0.4022084837222599
XE	11795	31126	0.37894364839683864
9E	8226	20686	0.39766025331141835
MQ	12742	36604	0.3481040323461917
AS	3892	11471	0.3392903844477378
HA	1786	5578	0.3201864467551094
